 533
     2.992     2.420     0.000     0.013     0.010     70593
     2.993     2.632     0.000     0.013     0.010     70589
     2.993     2.931     0.000     0.013     0.010     70465
     2.995     3.130     0.000     0.013     0.010     70461
     2.995     3.383     0.000     0.013     0.010     70338
     2.996     3.616     0.000     0.013     0.010     70332
     2.996     3.884     0.000     0.013     0.010     70210
     2.997     4.123     0.000     0.013     0.010     70204
     2.997     4.387     0.000     0.013     0.010     70083
     2.998     4.623     0.000     0.013     0.010     70076
     2.999     4.873     0.000     0.013     0.010     70072
     2.998     5.116     0.000     0.013     0.010     69948
     3.001     5.376     0.000     0.013     0.010     69943
     3.000     5.620     0.000     0.013     0.010     69820
     3.003     5.871     0.000     0.013     0.010     69815
     3.002     6.120     0.000     0.013     0.010     69692
     3.005     6.366     0.000     0.013     0.010     69687
     3.004     6.621     0.000     0.013     0.010     69564
     3.006     6.869     0.000     0.013     0.010     69559
     3.005     7.129     0.000     0.013     0.010     69437
     3.008     7.376     0.000     0.013     0.010     69430
     3.008     7.635     0.000     0.013     0.010     69310
     3.010     7.877     0.000     0.013     0.010     69302
     3.010     8.136     0.000     0.013     0.010     69182
     3.011     8.370     0.000     0.013     0.010     69175
     3.009     8.640     0.000     0.013     0.010     69055
     3.010     8.871     0.000     0.013     0.010     69047
     3.022     9.132     0.000     0.013     0.010     68929
     3.027     9.368     0.000     0.013     0.010     68919
     3.034     9.629     0.000     0.013     0.010     68803
     3.033     9.872     0.000     0.013     0.010     68791
     3.045    10.127     0.000     0.013     0.010     68785
     3.039    10.361     0.000     0.013     0.010     68664
     3.053    10.622     0.000     0.013     0.010     68657
     3.056    10.878     0.000     0.013     0.010     31999
     3.080    11.125     0.000     0.013     0.010     31615
     3.079    11.372     0.000     0.013     0.010     31486
     3.087    11.629     0.000     0.013     0.010     31231
     3.085    11.873     0.000     0.013     0.010     31102
     3.095    12.126     0.000     0.014     0.010     30974
     3.092    12.371     0.000     0.013     0.010     30846
     3.106    12.620     0.000     0.014     0.010     30718
     3.101    12.875     0.000     0.014     0.010     30590
     3.117    13.126     0.000     0.014     0.010     30462
     3.104    13.378     0.000     0.014     0.010     30334
     3.121    13.623     0.000     0.014     0.010     30207
     3.110    13.876     0.000     0.014     0.010     30079
     3.124    14.122     0.000     0.014     0.010     30077
     3.121    14.378     0.000     0.014     0.010     29949
     3.127    14.624     0.000     0.014     0.010     29822
     3.129    14.876     0.000     0.014     0.010     29695
     3.129    15.120     0.000     0.014     0.010     29692
     3.135    15.377     0.000     0.014     0.010     29565
     3.134    15.624     0.000     0.014     0.010     29438
     3.142    15.879     0.000     0.014     0.010     29436
     3.140    16.122     0.000     0.014     0.010     29309
     3.153    16.381     0.000     0.014     0.010     29182
     3.144    16.629     0.000     0.014     0.010     29180
     3.157    16.882     0.000     0.014     0.010     29053
     3.154    17.129     0.000     0.014     0.010     28926
     3.162    17.377     0.000     0.014     0.010     28923
     3.157    17.624     0.000     0.014     0.010     28797
     3.175    17.877     0.000     0.014     0.010     28671
     3.163    18.128     0.000     0.014     0.010     28668
     3.181    18.376     0.000     0.014     0.010     28541
     3.167    18.627     0.000     0.014     0.010     28415
     3.187    18.874     0.000     0.014     0.010     28412
     3.183    19.124     0.000     0.014     0.010     28286
     3.207    19.374     0.000     0.014     0.010     28283
     3.201    19.627     0.000     0.014     0.010     28157
     3.218    19.878     0.000     0.014     0.010     28031
     3.197    20.132     0.000     0.014     0.010     28028
     3.217    20.375     0.000     0.014     0.010     27902
     3.206    20.634     0.000     0.014     0.010     27899
     3.221    20.876     0.000     0.014     0.010     27773
     3.210    21.134     0.000     0.014     0.010     27769
     3.224    21.374     0.000     0.014     0.010     27766
     3.218    21.633     0.000     0.014     0.010     27763
     3.225    21.873     0.000     0.014     0.010     27760
     3.228    22.132     0.000     0.014     0.010     27756
     3.229    22.372     0.000     0.014     0.010     27753
     3.242    22.629     0.000     0.014     0.010     27750
     3.231    22.871     0.000     0.014     0.010     27747
     3.261    23.124     0.000     0.014     0.010     27744
     3.230    23.368     0.000     0.014     0.010     27647
     3.265    23.625     0.000     0.014     0.010     27643
     3.241    23.872     0.000     0.014     0.010     27518
     3.270    24.124     0.000     0.014     0.010     27514
     3.248    24.376     0.000     0.014     0.010     27389
     3.279    24.624     0.000     0.014     0.010     27385
     3.258    24.877     0.000     0.014     0.010     27260
     3.286    25.124     0.000     0.014     0.010     27256
     3.268    25.380     0.000     0.014     0.010     27132
     3.284    25.623     0.000     0.014     0.010     27007
     3.265    25.880     0.000     0.014     0.010     27003
     3.280    26.123     0.000     0.014     0.010     26878
     3.266    26.381     0.000     0.014     0.010     26874
     3.282    26.624     0.000     0.014     0.010     26749
     3.272    26.883     0.000     0.014     0.010     26745
     3.270    27.121     0.000     0.014     0.010     26621
     3.268    27.381     0.000     0.014     0.010     26616
     3.249    27.620     0.000     0.014     0.010     26492
     3.275    27.877     0.000     0.014     0.010     26487
     3.233    28.117     0.000     0.014     0.010     26363
     3.273    28.371     0.000     0.014     0.010     26239
     3.251    28.620     0.000     0.014     0.010     26234
     3.279    28.873     0.000     0.014     0.010     26110
     3.258    29.123     0.000     0.014     0.010     26105
     3.289    29.374     0.000     0.014     0.010     25981
     3.266    29.626     0.000     0.014     0.010     25976
     3.290    29.875     0.000     0.014     0.010     25852
     3.267    30.128     0.000     0.014     0.010     25847
     3.288    30.375     0.000     0.014     0.010     25724
     3.270    30.631     0.000     0.014     0.010     25718
     3.282    30.874     0.000     0.014     0.010     25595
     3.269    31.129     0.000     0.014     0.010     25590
     3.283    31.372     0.000     0.014     0.010     25466
     3.272    31.631     0.000     0.014     0.010     25343
     3.279    31.873     0.000     0.014     0.010     25337
     3.279    32.133     0.000     0.014     0.010     25214
     3.277    32.373     0.000     0.014     0.010     25209
     3.292    32.628     0.000     0.014     0.010     25086
     3.270    32.869     0.000     0.014     0.010     25080
     3.302    33.124     0.000     0.014     0.010     24957
     3.266    33.370     0.000     0.014     0.010     24951
     3.300    33.627     0.000     0.014     0.010     24828
     3.265    33.874     0.000     0.014     0.010     24822
     3.296    34.125     0.000     0.014     0.010     24699
     3.265    34.378     0.000     0.014     0.010     24693
     3.291    34.624     0.000     0.014     0.010     24571
     3.262    34.876     0.000     0.014     0.010     24565
     3.285    35.123     0.000     0.014     0.010     24442
     3.260    35.379     0.000     0.014     0.010     24436
     3.276    35.621     0.000     0.014     0.010     24313
     3.258    35.882     0.000     0.014     0.010     24191
     3.268    36.121     0.000     0.014     0.010     24185
     3.256    36.385     0.000     0.014     0.010     24063
     3.257    36.621     0.000     0.014     0.010     24056
     3.256    36.885     0.000     0.014     0.010     23934
     3.240    37.119     0.000     0.014     0.010     23927
     3.255    37.383     0.000     0.014     0.010     23805
     3.226    37.617     0.000     0.014     0.010     23798
     3.268    37.875     0.000     0.014     0.010     23676
     3.202    38.114     0.000     0.014     0.010     23670
     3.265    38.374     0.000     0.014     0.010     23548
     3.204    38.617     0.000     0.014     0.010     23541
     3.261    38.873     0.000     0.014     0.010     23419
     3.204    39.123     0.000     0.014     0.010     23412
     3.258    39.375     0.000     0.014     0.010     23291
     3.208    39.627     0.000     0.014     0.010     23284
     3.251    39.872     0.000     0.014     0.010     23162
     3.213    40.129     0.000     0.014     0.010     23155
     3.244    40.372     0.000     0.014     0.010     23033
     3.214    40.632     0.000     0.014     0.010     23026
     3.245    40.872     0.000     0.014     0.010     22905
     3.218    41.137     0.000     0.014     0.010     22897
     3.238    41.371     0.000     0.014     0.010     22776
     3.226    41.637     0.000     0.014     0.010     22655
     3.230    41.873     0.000     0.014     0.010     22647
     3.229    42.138     0.000     0.014     0.010     22527
     3.224    42.371     0.000     0.014     0.010     22519
     3.247    42.633     0.000     0.014     0.010     22398
     3.208    42.864     0.000     0.014     0.010     22390
     3.260    43.124     0.000     0.014     0.010     22270
     3.200    43.368     0.000     0.014     0.010     22261
     3.257    43.624     0.000     0.014     0.010     22141
     3.204    43.870     0.000     0.014     0.010     22133
     3.251    44.124     0.000     0.014     0.010     22012
     3.203    44.374     0.000     0.014     0.010     22004
     3.254    44.624     0.000     0.014     0.010     21884
     3.204    44.879     0.000     0.014     0.010     21875
     3.247    45.123     0.000     0.014     0.010     21755
     3.274    45.373     0.000     0.014     0.010     21746
     3.303    45.627     0.000     0.014     0.010     21626
     3.325    45.872     0.000     0.015     0.010     21618
     3.338    46.124     0.000     0.015     0.010     21610
     3.214    46.361     0.000     0.014     0.010     21602
     3.280    46.621     0.000     0.014     0.010     21595
     3.199    46.867     0.000     0.014     0.010     21588
     3.262    47.123     0.000     0.014     0.010     21581
     3.194    47.373     0.000     0.014     0.010     21575
     3.245    47.619     0.000     0.014     0.010     21494
     3.192    47.875     0.000     0.014     0.010     21375
     3.237    48.120     0.000     0.014     0.010     21365
     3.185    48.382     0.000     0.014     0.010     21246
     3.226    48.619     0.000     0.014     0.010     21236
     3.188    48.887     0.000     0.014     0.010     21118
     3.209    49.121     0.000     0.014     0.010     21108
     3.186    49.390     0.000     0.014     0.010     20989
     3.201    49.622     0.000     0.014     0.010     20979
     3.185    49.893     0.000     0.014     0.010     20861
     3.188    50.122     0.000     0.014     0.010     20850
     3.195    50.391     0.000     0.014     0.010     20732
     3.179    50.616     0.000     0.014     0.010     20722
     3.232    50.875     0.000     0.014     0.010     20603
     3.174    51.114     0.000     0.014     0.010     20593
     3.244    51.375     0.000     0.014     0.010     20475
     3.189    51.616     0.000     0.014     0.010     20464
     3.253    51.873     0.000     0.014     0.010     20346
     3.200    52.121     0.000     0.014     0.010     20336
     3.251    52.372     0.000     0.014     0.010     20218
     3.199    52.626     0.000     0.014     0.010     20207
     3.249    52.872     0.000     0.014     0.010     20089
     3.201    53.132     0.000     0.014     0.010     20078
     3.247    53.371     0.000     0.014     0.010     19960
     3.206    53.635     0.000     0.014     0.010     19949
     3.239    53.869     0.000     0.014     0.010     19832
     3.210    54.138     0.000     0.014     0.010     19820
     3.235    54.370     0.000     0.014     0.010     19703
     3.220    54.638     0.000     0.014     0.010     19692
     3.227    54.870     0.000     0.014     0.010     19574
     3.223    55.139     0.000     0.014     0.010     19563
     3.219    55.366     0.000     0.014     0.010     19446
     3.240    55.631     0.000     0.014     0.010     19434
     3.207    55.864     0.000     0.014     0.010     19317
     3.262    56.124     0.000     0.014     0.010     19305
     3.190    56.361     0.000     0.014     0.010     19188
     3.262    56.623     0.000     0.014     0.010     19177
     3.190    56.868     0.000     0.014     0.010     19060
     3.256    57.123     0.000     0.014     0.010     19048
     3.192    57.373     0.000     0.014     0.010     18931
     3.250    57.619     0.000     0.014     0.010     18919
     3.202    57.877     0.000     0.014     0.010     18802
     3.242    58.122     0.000     0.014     0.010     18687
     3.205    58.384     0.000     0.014     0.010     18673
     3.239    58.623     0.000     0.014     0.010     18559
     3.213    58.886     0.000     0.014     0.010     18544
     3.231    59.122     0.000     0.014     0.010     18430
     3.214    59.386     0.000     0.014     0.010     18416
     3.230    59.622     0.000     0.014     0.010     18302
     3.219    59.889     0.000     0.014     0.010     18287
     3.222    60.120     0.000     0.014     0.010     18173
     3.230    60.387     0.000     0.014     0.010     18158
     3.211    60.617     0.000     0.014     0.010     18044
     3.271    60.870     0.000     0.014     0.010     18029
     3.185    61.109     0.000     0.014     0.010     17916
     3.268    61.369     0.000     0.014     0.010     17901
     3.184    61.614     0.000     0.014     0.010     17787
     3.266    61.866     0.000     0.014     0.010     17772
     3.187    62.123     0.000     0.014     0.010     17658
     3.258    62.366     0.000     0.014     0.010     17643
     3.194    62.628     0.000     0.014     0.010     17529
     3.252    62.866     0.000     0.014     0.010     17514
     3.202    63.135     0.000     0.014     0.010     17401
     3.240    63.366     0.000     0.014     0.010     17385
     3.208    63.637     0.000     0.014     0.010     17272
     3.233    63.870     0.000     0.014     0.010     17256
     3.212    64.141     0.000     0.014     0.010     17144
     3.229    64.369     0.000     0.014     0.010     17127
     3.215    64.641     0.000     0.014     0.010     17015
     3.224    64.870     0.000     0.014     0.010     16998
     3.225    65.145     0.000     0.014     0.010     16886
     3.213    65.368     0.000     0.014     0.010     16869
     3.247    65.636     0.000     0.014     0.010     16757
     3.197    65.863     0.000     0.014     0.010     16740
     3.279    66.120     0.000     0.014     0.010     16628
     3.178    66.360     0.000     0.014     0.010     16611
     3.276    66.620     0.000     0.014     0.010     16499
     3.181    66.870     0.000     0.014     0.010     16482
     3.269    67.119     0.000     0.014     0.010     16371
     3.184    67.379     0.000     0.014     0.010     16353
     3.258    67.615     0.000     0.014     0.010     16242
     3.194    67.886     0.000     0.014     0.010     16224
     3.246    68.116     0.000     0.014     0.010     16113
     3.201    68.392     0.000     0.014     0.010     16094
     3.234    68.616     0.000     0.014     0.010     15984
     3.209    68.896     0.000     0.014     0.010     15965
     3.229    69.116     0.000     0.014     0.010     15855
     3.217    69.399     0.000     0.014     0.010     15836
     3.220    69.617     0.000     0.014     0.010     15726
     3.226    69.899     0.000     0.014     0.010     15706
     3.212    70.116     0.000     0.014     0.010     15597
     3.243    70.397     0.000     0.014     0.010     15577
     3.199    70.613     0.000     0.014     0.010     15467
     3.310    70.872     0.000     0.014     0.010     15447
     3.174    71.105     0.000     0.014     0.010     15339
     3.306    71.374     0.000     0.014     0.010     15318
     3.173    71.617     0.000     0.014     0.010     15210
     3.299    71.872     0.000     0.014     0.010     15189
     3.175    72.123     0.000     0.014     0.010     15080
     3.288    72.368     0.000     0.014     0.010     15059
     3.180    72.630     0.000     0.014     0.010     14951
     3.276    72.866     0.000     0.014     0.010     14929
     3.184    73.135     0.000     0.014     0.010     14822
     3.266    73.365     0.000     0.014     0.010     14719
     3.192    73.642     0.000     0.014     0.010     14692
     3.250    73.866     0.000     0.014     0.010     14590
     3.198    74.147     0.000     0.014     0.010     14562
     3.239    74.365     0.000     0.014     0.010     14461
     3.210    74.648     0.000     0.014     0.010     14433
     3.232    74.853     0.000     0.014     0.010     14409
     3.230    75.162     0.000     0.014     0.010     14388
     3.192    75.346     0.000     0.014     0.010     14369
     3.441    75.619     0.000     0.015     0.010     14351
     3.490    75.848     0.000     0.015     0.010     14336
     3.001    76.673     0.000     0.013     0.010     53141
     3.027    76.793     0.000     0.013     0.010     53120
     2.998    77.190     0.000     0.013     0.010     53018
     3.024    77.298     0.000     0.013     0.010     52992
     2.996    77.707     0.000     0.013     0.010     52896
     3.109    77.858     0.000     0.014     0.010     14317
     3.126    78.170     0.000     0.014     0.010     14285
     3.167    78.360     0.000     0.014     0.010     14187
     3.237    78.650     0.000     0.014     0.010     14154
     3.197    78.856     0.000     0.014     0.010     14057
     3.328    79.120     0.000     0.015     0.010     14023
     3.168    79.350     0.000     0.014     0.010     13927
     3.331    79.621     0.000     0.015     0.010     13892
     3.164    79.860     0.000     0.014     0.010     13797
     3.340    80.121     0.000     0.015     0.010     13761
     3.160    80.371     0.000     0.014     0.010     13666
     3.345    80.616     0.000     0.015     0.010     13629
     3.160    80.886     0.000     0.014     0.010     13535
     3.352    81.115     0.000     0.015     0.010     13497
     3.162    81.396     0.000     0.014     0.010     13404
     3.341    81.607     0.000     0.015     0.010     13365
     3.169    81.904     0.000     0.014     0.010     13275
     3.318    82.099     0.000     0.014     0.010     13233
     3.182    82.410     0.000     0.014     0.010     13143
     3.292    82.596     0.000     0.014     0.010     13100
     3.196    82.908     0.000     0.014     0.010     13012
     3.256    83.090     0.000     0.014     0.010     12966
     3.218    83.404     0.000     0.014     0.010     12879
     3.216    83.586     0.000     0.014     0.010     12832
     3.280    83.873     0.000     0.014     0.010     12746
     3.169    84.072     0.000     0.014     0.010     12696
     3.284    84.363     0.000     0.014     0.010     12613
     3.177    84.583     0.000     0.014     0.010     12560
     3.270    84.865     0.000     0.014     0.010     12478
     3.185    85.097     0.000     0.014     0.010     12422
     3.261    85.367     0.000     0.014     0.010     12343
     3.184    85.602     0.000     0.014     0.010     12288
     3.260    85.873     0.000     0.014     0.010     12208
     3.172    86.108     0.000     0.014     0.010     12160
     3.272    86.369     0.000     0.014     0.010     12070
     3.150    86.619     0.000     0.014     0.010     12032
     3.289    86.866     0.000     0.014     0.010     11929
     3.109    87.146     0.000     0.014     0.010     11904
     3.311    87.361     0.000     0.014     0.010     11783
     3.041    87.692     0.000     0.013     0.010     11776
     3.319    87.841     0.000     0.014     0.010     11648
     3.031    88.223     0.000     0.013     0.010     11644
     3.326    88.318     0.000     0.015     0.010     11520
     3.059    88.741     0.000     0.013     0.010     11504
     3.317    88.793     0.000     0.014     0.010     11392
     3.218    89.239     0.000     0.014     0.010     11351
     3.210    89.274     0.000     0.014     0.010     11264
     3.271    89.741     0.000     0.014     0.010     11175
     3.154    89.783     0.000     0.014     0.010     11136
     3.314    90.219     0.000     0.014     0.010     11008
     3.006    90.320     0.000     0.013     0.010     49792
     3.314    90.693     0.000     0.014     0.010     10880
     3.005    90.843     0.000     0.013     0.010     49664
     3.314    91.168     0.000     0.014     0.010     10752
     3.005    91.366     0.000     0.013     0.010     49536
     3.314    91.642     0.000     0.014     0.010     10624
     3.021    91.892     0.000     0.013     0.010     10496
     3.311    92.119     0.000     0.014     0.010     10500
     3.110    92.426     0.000     0.014     0.010     10368
     3.288    92.611     0.000     0.014     0.010     10393
     3.158    92.940     0.000     0.014     0.010     10240
     3.269    93.108     0.000     0.014     0.010     10281
     3.176    93.452     0.000     0.014     0.010     10112
     3.258    93.609     0.000     0.014     0.010     10162
     3.241    93.938     0.000     0.014     0.010      9984
     3.190    94.084     0.000     0.014     0.010      9856
     3.310    94.410     0.000     0.014     0.010      9860
     3.164    94.580     0.000     0.014     0.010      9728
     3.343    94.889     0.000     0.015     0.010      9743
     3.164    95.086     0.000     0.014     0.010      9600
     3.345    95.382     0.000     0.015     0.010      9624
     3.169    95.594     0.000     0.014     0.010      9472
     3.335    95.879     0.000     0.015     0.010      9504
     3.175    96.100     0.000     0.014     0.010      9344
     3.330    96.383     0.000     0.015     0.010      9216
     3.177    96.607     0.000     0.014     0.010      9221
     3.329    96.889     0.000     0.015     0.010      9088
     3.173    97.115     0.000     0.014     0.010      9100
     3.337    97.392     0.000     0.015     0.010      8960
     3.167    97.630     0.000     0.014     0.010      8978
     3.342    97.893     0.000     0.015     0.010      8832
     3.156    98.141     0.000     0.014     0.010      8857
     3.344    98.386     0.000     0.015     0.010      8704
     3.157    98.655     0.000     0.014     0.010      8576
     3.338    98.886     0.000     0.015     0.010      8582
     3.195    99.144     0.000     0.014     0.010      8448
     3.238    99.347     0.000     0.014     0.010      8459
     3.224    99.639     0.000     0.014     0.010      8320
     3.206    99.842     0.000     0.014     0.010      8336
     3.251   100.135     0.000     0.014     0.010      8192
     3.186   100.346     0.000     0.014     0.010      8064
     3.273   100.630     0.000     0.014     0.010      8065
     3.177   100.853     0.000     0.014     0.010      7936
     3.288   101.123     0.000     0.014     0.010      7942
     3.173   101.360     0.000     0.014     0.010      7808
     3.299   101.618     0.000     0.014     0.010      7819
     3.170   101.872     0.000     0.014     0.010      7680
     3.301   102.116     0.000     0.014     0.010      7695
     3.173   102.381     0.000     0.014     0.010      7552
     3.306   102.615     0.000     0.014     0.010      7424
     3.170   102.889     0.000     0.014     0.010      7427
     3.312   103.114     0.000     0.014     0.010      7296
     3.168   103.399     0.000     0.014     0.010      7303
     3.315   103.614     0.000     0.014     0.010      7168
     3.187   103.898     0.000     0.014     0.010      7179
     3.238   104.091     0.000     0.014     0.010      7197
     3.159   104.397     0.000     0.014     0.010      7217
     3.141   104.569     0.000     0.014     0.010      7238
     3.117   104.904     0.000     0.014     0.010      7262
     3.044   105.044     0.000     0.013     0.010      7291
     3.109   105.428     0.000     0.014     0.010      7040
     3.123   105.578     0.000     0.014     0.010      7051
     3.429   105.879     0.000     0.015     0.010      6912
     3.397   106.127     0.000     0.015     0.010      6784
     3.370   106.378     0.000     0.015     0.010      6786
     3.327   106.635     0.000     0.015     0.010      6656
     3.181   106.894     0.000     0.014     0.010      6662
     3.280   107.110     0.000     0.014     0.010      6528
     3.200   107.389     0.000     0.014     0.010      6537
     3.240   107.598     0.000     0.014     0.010      6400
     3.214   107.887     0.000     0.014     0.010      6272
     3.220   108.096     0.000     0.014     0.010      6273
     3.227   108.385     0.000     0.014     0.010      6144
     3.209   108.600     0.000     0.014     0.010      6148
     3.236   108.886     0.000     0.014     0.010      6016
     3.197   109.104     0.000     0.014     0.010      6023
     3.248   109.384     0.000     0.014     0.010      5888
     3.190   109.611     0.000     0.014     0.010      5898
     3.257   109.883     0.000     0.014     0.010      5760
     3.189   110.117     0.000     0.014     0.010      5632
     3.261   110.383     0.000     0.014     0.010      5635
     3.187   110.625     0.000     0.014     0.010      5504
     3.273   110.884     0.000     0.014     0.010      5510
     3.181   111.135     0.000     0.014     0.010      5376
     3.279   111.382     0.000     0.014     0.010      5385
     3.177   111.642     0.000     0.014     0.010      5248
     3.289   111.881     0.000     0.014     0.010      5120
     3.196   112.135     0.000     0.014     0.010      5123
     3.246   112.361     0.000     0.014     0.010      4992
     3.208   112.635     0.000     0.014     0.010      4997
     3.229   112.857     0.000     0.014     0.010      4864
     3.218   113.136     0.000     0.014     0.010      4872
     3.216   113.353     0.000     0.014     0.010      4736
     3.234   113.635     0.000     0.014     0.010      4608
     3.205   113.856     0.000     0.014     0.010      4611
     3.242   114.135     0.000     0.014     0.010      4480
     3.199   114.361     0.000     0.014     0.010      4485
     3.250   114.634     0.000     0.014     0.010      4352
     3.194   114.864     0.000     0.014     0.010      4359
     3.258   115.131     0.000     0.014     0.010      4224
     3.192   115.373     0.000     0.014     0.010      4096
     3.259   115.632     0.000     0.014     0.010      4099
     3.190   115.880     0.000     0.014     0.010      3968
     3.262   116.134     0.000     0.014     0.010      3973
     3.188   116.385     0.000     0.014     0.010      3840
     3.268   116.634     0.000     0.014     0.010      3712
     3.197   116.885     0.000     0.014     0.010      3713
     3.252   117.124     0.000     0.014     0.010      3584
     3.211   117.380     0.000     0.014     0.010      3587
     3.232   117.613     0.000     0.014     0.010      3456
     3.216   117.877     0.000     0.014     0.010      3461
     3.226   118.110     0.000     0.014     0.010      3328
     3.225   118.380     0.000     0.014     0.010      3200
     3.215   118.611     0.000     0.014     0.010      3202
     3.233   118.880     0.000     0.014     0.010      3072
     3.206   119.113     0.000     0.014     0.010      3076
     3.244   119.379     0.000     0.014     0.010      2944
     3.195   119.618     0.000     0.014     0.010      2950
     3.254   119.876     0.000     0.014     0.010      2816
     3.194   120.124     0.000     0.014     0.010      2688
     3.254   120.377     0.000     0.014     0.010      2690
     3.195   120.630     0.000     0.014     0.010      2560
     3.254   120.878     0.000     0.014     0.010      2565
     3.195   121.136     0.000     0.014     0.010      2432
     3.260   121.382     0.000     0.014     0.010      2304
     3.190   121.642     0.000     0.014     0.010      2306
     3.267   121.882     0.000     0.014     0.010      2176
     3.207   122.134     0.000     0.014     0.010      2180
     3.236   122.363     0.000     0.014     0.010      2048
     3.220   122.632     0.000     0.014     0.010      1920
     3.222   122.859     0.000     0.014     0.010      1921
     3.228   123.130     0.000     0.014     0.010      1792
     3.214   123.359     0.000     0.014     0.010      1795
     3.239   123.630     0.000     0.014     0.010      1664
     3.205   123.862     0.000     0.014     0.010      1536
     3.243   124.128     0.000     0.014     0.010      1537
     3.202   124.365     0.000     0.014     0.010      1408
     3.249   124.627     0.000     0.014     0.010      1411
     3.199   124.870     0.000     0.014     0.010      1280
     3.248   125.126     0.000     0.014     0.010      1285
     3.199   125.375     0.000     0.014     0.010      1152
     3.253   125.627     0.000     0.014     0.010      1024
     3.198   125.878     0.000     0.014     0.010      1026
     3.255   126.126     0.000     0.014     0.010       896
     3.193   126.384     0.000     0.014     0.010       900
     3.263   126.628     0.000     0.014     0.010       768
     3.200   126.886     0.000     0.014     0.010       640
     3.248   127.118     0.000     0.014     0.010       642
     3.218   127.381     0.000     0.014     0.010       512
     3.228   127.612     0.000     0.014     0.010       384
     3.228   127.880     0.000     0.014     0.010       385
     3.216   128.112     0.000     0.014     0.010       256
     3.233   128.380     0.000     0.014     0.010       259
     3.213   128.613     0.000     0.014     0.010       128
     3.239   128.879     0.000     0.014     0.010         0
     3.208   129.115     0.000     0.014     0.010         1
     3.240   129.378     0.000     0.014     0.010         6
     3.195   129.620     0.000     0.014     0.010        12
     3.232   129.878     0.000     0.014     0.010        17
     3.179   130.122     0.000     0.014     0.010        23
     3.218   130.377     0.000     0.014     0.010        28
     3.161   130.628     0.000     0.014     0.010        34
     3.205   130.877     0.000     0.014     0.010        39
     3.144   131.136     0.000     0.014     0.010        45
     3.190   131.379     0.000     0.014     0.010        51
     3.126   131.643     0.000     0.014     0.010        57
     3.177   131.879     0.000     0.014     0.010        63
     3.126   132.135     0.000     0.014     0.010        69
     3.127   132.356     0.000     0.014     0.010        76
     3.113   132.635     0.000     0.014     0.010        83
     3.097   132.847     0.000     0.014     0.010        90
     3.098   133.130     0.000     0.014     0.010        97
     3.070   133.347     0.000     0.013     0.010       104
     3.075   133.632     0.000     0.013     0.010       113
     3.038   133.848     0.000     0.013     0.010       121
     3.039   134.135     0.000     0.013     0.010     39170
     3.002   134.354     0.000     0.013     0.010     39040
     3.012   134.632     0.000     0.013     0.010     39041
     3.002   134.864     0.000     0.013     0.010     38912
     3.013   135.134     0.000     0.013     0.010     38913
     3.002   135.375     0.000     0.013     0.010     38923
     3.009   135.635     0.000     0.013     0.010     38935
     2.996   135.887     0.000     0.013     0.010     38951
